auc: 0.8825349653579677
eer: 0.17288008083140877
threshold: 0.9220467805862427
verification_accuracy: 0.8274471538239423
num_pairs: 100433
